1.593665172285996245e-01
6.145020584706705202e-01
3.773435793695082419e-01
4.843191267062633698e-01
5.325925655887486787e-02
1.661873163337135306e-02
4.079898139892841336e-01
6.523942157002868836e-01
2.112427717504611335e-01
5.881739564567534106e-01
5.901904798296456756e-01
5.224133326188977744e-01
5.160753511965946450e-01
1.057764087537305109e-01
3.391329167592888050e-01
1.766167673879050493e-01
3.148449215614207430e-01
3.079496305068086803e-01
3.881990931133035283e-01
1.299019645465804285e-02
8.404751695542675982e-01
2.302078012079629699e-01
4.583443852203177293e-01
2.197653876263172545e-01
1.450084282963750582e-01
4.012049332370468679e-01
1.283997287785608732e-01
2.062552071678308563e-01
2.275113163656405924e-01
2.091793333058829529e-01
5.353831343228510065e-02
4.351775024193694774e-01
3.060430866684866191e-01
5.071936484554671054e-01
6.606474942986670928e-01
2.931789985435255819e-01
2.598556583659500929e-01
5.042662024910746776e-01
3.109322945414345618e-01
3.409850086505776257e-01
2.271794133557573092e-01
1.122686666988825799e-02
1.714811786369301316e-01
4.348105977422490609e-01
3.043925451924714976e-01
5.049473204540160243e-01
7.840373352141587482e-01
2.894340037426224033e-02
3.690479294349047201e-01
2.956385002064507161e-01
3.574727071784141175e-01
3.785808443236307053e-01
8.337301997671853204e-02
1.984592376998389751e-01
2.667751730197109317e-01
7.160944141991817391e-01
6.938457798070476468e-01
9.148451050283568087e-02
5.097376221498952642e-01
5.926038907658515154e-01
3.034688386122589288e-01
6.005952689319788984e-01
5.228603147809821605e-01
3.523578470556071318e-01
5.787129917337707763e-01
2.218262734653700941e-01
4.498713773631777268e-01
3.775665032415945199e-01
5.507525383703417710e-01
1.667216973720982987e-01
2.847117234282904863e-01
1.067608764018449508e-01
3.251117658301823088e-01
2.230693171848958656e-01
3.450906850857711206e-01
2.393633429032508420e-01
5.855470581717834300e-01
7.624283964676530356e-01
2.099187227098800457e-01
8.812926602337067816e-02
7.246469093352574387e-01
2.843643668760622023e-01
4.963786526877094207e-01
1.122687170493933406e-01
2.914128221270202435e-01
2.965695941317375572e-01
4.225993380051126236e-01
4.749918363193556536e-01
2.898777242888310179e-01
8.297346959043762071e-01
1.756903567215444828e-01
5.372777108039210603e-01
4.186473398370814114e-01
3.415909606399041287e-01
1.776031593005313880e-01
4.685003876663792477e-01
2.046185268797807710e-01
4.995275315366031754e-01
5.130311258467153968e-01
8.707024126871004688e-02
3.594930670031248887e-01
3.214476546585448569e-01
2.047911808620488383e-01
2.564128345459368297e-01
2.913631294797381921e-01
4.273629992927682753e-01
2.249434396438584893e-01
1.612873821680606001e-01
3.102772318322060130e-01
2.758095204977906167e-01
2.887591579292081989e-01
3.488393586162203963e-01
6.353938020176524981e-01
3.358721950486102115e-01
3.194227578027323267e-01
6.531101641355370191e-01
4.535200173908678911e-01
2.783451736340079030e-01
7.528718205942648289e-01
3.345129322253534432e-01
-1.194919457406729002e-02
1.365111598354966649e-01
2.258635894278018252e-01
3.737156681100184397e-01
1.863413687311309408e-01
6.101832397360353877e-01
2.696729123716337662e-01
2.451168017324338311e-01
2.021969549055645521e-01
2.483329547744201893e-01
3.773924612214006324e-01
2.585708042395441497e-01
6.880846649219432010e-01
4.817763498569961889e-01
1.369005667297382711e-01
8.269784683843045547e-02
5.440541374153891052e-01
4.700645455554267604e-01
3.887659385360955344e-01
4.782182646584194341e-01
3.295174584391881711e-01
2.097002471802937862e-01
7.245133272639310285e-01
4.702551927543570098e-01
3.101715947798137085e-01
3.912436986331456756e-01
3.328170239046115420e-01
1.968920256006818637e-01
1.476277263906264348e-01
3.758853758512283871e-01
5.242213915359605902e-01
6.061023782049790309e-01
4.569045560234333281e-01
6.632234306922091260e-01
7.544097102144680100e-01
3.243677874612348466e-01
1.874771776275206969e-01
2.744231398362422247e-01
4.970197971818250959e-01
2.445037091145206842e-01
4.873720523128427518e-01
4.490400920138167273e-01
5.547077217099175561e-01
1.331395846351188239e-01
2.579560529508473365e-01
5.007813341236710958e-01
6.236507692486155108e-01
1.320092862057538063e-01
6.039575760865157905e-01
4.223977858110953831e-01
3.723590934704124056e-02
3.736884269443624396e-01
7.505015981849516571e-01
2.923954197478590977e-01
9.010006318601936348e-01
7.522559590591565426e-01
7.292957771831614089e-01
4.381142122670791395e-01
2.839255200840182236e-01
3.053322723366232450e-01
6.247913911904958706e-01
8.998607673025729170e-01
2.610433382022899762e-01
7.510297615004080107e-02
2.439333955604223170e-01
4.316899609121284120e-01
4.661024618355313898e-02
6.005160633258372904e-01
3.740714696477080992e-01
1.800145903508745260e-01
3.828526583731182154e-01
6.586070915074571097e-01
3.896059765078652148e-01
3.102767416261220657e-02
4.656045913720702756e-01
1.058638262614317593e-01
4.197759028285026894e-01
9.141549023643783523e-01
2.299691479962161500e-01
3.511210679920450106e-01
1.791499759365866029e-01
3.322062041576505642e-01
1.853369506058744065e-01
2.002225493788895028e-01
4.500366656548508981e-01
4.123816062422868689e-01
2.043501665248314558e-01
2.491599710102204712e-01
4.857582796091261534e-01
2.378843262696815897e-01
5.322139150046611977e-01
4.088544208326354568e-01
2.858198150096331602e-01
4.437695701878159871e-01
4.191098154799621223e-01
8.145956050747871213e-02
1.650151854103649729e-01
4.597843813589134188e-01
6.961530042677110952e-01
3.365404234616968249e-01
8.509530253497457064e-01
8.485590225635204487e-01
2.983694287383020782e-01
2.022299908488167097e-01
3.825107241826364857e-01
6.299592965616971352e-01
3.226207988558518203e-01
7.753568339221013073e-01
3.527116766336506615e-01
3.466835083261857742e-01
5.763019387869618981e-01
2.711907781423623653e-01
4.358556083281476257e-01
7.547518058658442275e-01
6.671769784051774232e-01
2.587728527826537173e-01
3.914589392076104346e-01
8.110307500115171431e-01
1.978177587546240401e-01
3.465790715706043024e-01
6.973599543268349521e-02
1.366259748833912324e-01
5.723356006871236357e-01
6.929730829883161691e-01
5.230928074722833721e-01
7.581057551659556859e-01
2.758954717842664328e-01
4.104808253439548027e-01
4.719775194361228721e-01
6.660106206059946965e-01
5.649639375248708406e-01
5.276254082463883721e-01
1.879688907335811954e-01
4.335911147721420167e-01
4.380146449036428913e-01
7.463161385343396459e-01
4.336304665395315228e-01
3.512374234801737827e-01
1.586903892121885873e-01
4.646334978294435758e-01
4.761435735736072594e-01
4.471516029524592040e-01
1.532019361431301574e-01
4.475494544025397925e-01
2.683182955563425676e-01
4.891023152352523273e-01
6.945439125131578351e-01
7.197732641996879011e-02
2.852665213986776416e-01
4.903157417224722758e-01
2.083412431036084644e-01
2.661442150088088043e-01
9.728791092491723136e-02
1.241439811172481145e-01
6.907044392795567145e-01
1.648804243265274416e-01
4.861870049693749474e-01
2.415922799727234227e-01
1.695869325302430952e-01
2.782752934051646587e-01
1.150698636165396471e-01
2.670294934652509555e-01
6.116792622078415231e-01
2.525825730219756204e-01
8.425101552742433331e-01
3.301724063812415122e-01
2.455004904894049211e-01
2.430479000886410779e-01
5.315514103598175666e-01
2.405980081318113140e-01
4.484275891001618386e-01
1.531699653347119439e-01
5.868507744288735672e-01
2.724254570215370319e-01
5.791179333493211567e-01
1.818141702099828061e-01
5.987660205979591366e-01
1.560536594406846667e-01
1.674787997784232818e-01
3.721251797002797512e-01
3.729057583035437773e-01
2.770030847736174029e-01
4.546392389070890716e-01
3.262522977886462283e-01
2.759853872880593251e-01
1.892997533912282315e-01
4.620986751469191578e-01
7.019208618034795677e-01
3.057259930808817749e-01
2.175502861053288384e-01
4.697520108976597220e-01
4.772800642617814892e-01
2.869910559765412872e-01
2.286777880125678286e-01
-1.584562905336261984e-03
5.528686900658826842e-01
4.449648793333406127e-01
5.049125683637637474e-01
2.870009489697535887e-01
5.325901226784129916e-01
4.808846532847749211e-01
2.991704375389430681e-01
4.095187491686451131e-01
5.081684487464341871e-01
6.526386782846820278e-01
2.870154615326181435e-01
1.425967773922756088e-01
2.046185268797807710e-01
5.646665889967592555e-01
8.329453212040873744e-01
2.900026544860244693e-01
5.208092526524710220e-01
3.016331349955275187e-01
2.635678393241377426e-01
2.552271062415701341e-01
-2.802555202655276911e-02
2.511627850349578139e-01
6.211522487689693506e-01
6.204006095434043688e-01
6.388526635530358266e-01
4.896208725276545159e-01
5.228047011471989025e-01
3.603194623468612967e-01
8.861261441809786810e-01
2.131820051644657266e-01
6.315162885329085318e-01
1.471038011610002472e-01
4.321795403133855129e-01
2.774104536145752808e-01
5.986675215222763136e-01
1.887113477827006003e-01
2.662765314863320687e-01
2.626505665730221595e-01
5.105763733594397280e-01
4.611573836613945265e-01
3.706374632932747937e-01
4.204117016226527337e-01
8.107313978823014189e-01
2.016062823329951570e-01
5.206200283882826962e-01
6.176262568661493590e-01
5.546130977672112383e-01
3.723250905026180835e-01
4.315043657413090150e-01
1.494558679476740148e-01
6.090195821058872472e-01
6.483601487682453257e-01
4.050710792597682630e-01
2.852643749550788921e-01
5.365560979681192055e-01
2.736983982480849509e-01
3.061929031494912135e-01
3.552053224182533109e-01
4.504677268502097487e-01
3.226140156826041716e-01
5.087646138298393961e-01
9.981983796072840809e-02
9.055501380770171194e-01
1.001768782759530629e-01
5.393946103289852800e-01
2.889551105663342723e-01
3.703341366705347193e-01
9.392857983817136658e-01
4.666920370654928374e-01
6.487852617280036593e-01
6.979018614383400987e-01
4.441141998683241776e-01
2.666019280935254532e-01
6.217596200504891257e-01
5.662405463428854535e-02
5.923049977918006803e-01
4.082658492119334293e-01
5.236243883120322851e-01
4.136679867718540127e-01
6.925692362849582562e-01
5.220256611739124697e-01
2.096561067897856345e-01
1.019054906022514029e-01
3.433566230679707121e-01
2.431449701329595481e-01
3.664861029573758255e-01
8.444469569859780478e-02
1.624869358661458207e-01
4.189444569964828058e-01
5.114045943712085540e-01
2.850062521702827478e-01
6.323192249349612881e-01
2.617953078467785688e-01
6.332191028352665008e-01
2.538255369993467347e-01
5.671788753402369210e-01
5.855705738438009567e-01
2.347404404364238362e-01
7.235094085383619866e-02
2.139370369087481016e-01
6.316824872340798258e-01
5.905087032016264059e-01
3.553460983682232843e-01
6.589246524512277770e-01
2.636918717934756407e-01
6.039061230900036881e-01
5.362355114619874463e-01
5.830710055427172911e-01
1.191297339246752407e-01
2.802061821014604215e-01
6.425595633689131780e-01
1.853832318236764976e-01
2.408185145088702628e-01
1.476910267034609037e-01
1.000698509024722238e-01
3.383570931217714239e-01
4.137157368333715945e-01
2.387699624690225453e-01
2.932581857744910869e-01
1.217576068833026715e-01
4.780407098935453014e-01
2.711940872128010827e-01
6.824776559568002110e-02
4.434853833153228342e-01
5.683151995437962789e-01
1.330601277912080160e-01
1.051329693593683334e-01
5.695257206461994404e-01
3.991366169183975243e-01
2.284850071331929744e-01
2.115984520329958207e-01
2.659309158310571020e-01
4.067316929888438737e-01
5.091870826610819245e-01
4.512421412830745493e-01
3.510940126835305763e-01
3.098072315731318360e-01
3.914036098459509061e-01
5.231986327986715146e-02
2.931310563337406472e-01
3.967454568506192381e-01
4.384987141209231165e-01
8.041479426651109153e-01
4.168957164762797651e-01
1.050724849317193899e-01
6.384165381477913126e-02
4.716534307347252652e-01
3.522433248716126952e-01
4.850548987438785264e-01
3.245623391077580022e-01
4.853951839267953705e-01
-1.755338438921283384e-04
2.140719036606716363e-01
4.338143446575885576e-01
8.462500536675167107e-01
1.451006451855371138e-01
4.759936174432435885e-01
3.362681783536227154e-01
4.374299342017569647e-01
2.164261748352452885e-01
2.211220222700203131e-01
3.499884736015475006e-01
4.996808440170218413e-01
5.477332542390536130e-01
4.435842813964014919e-01
6.156762505038098077e-01
7.419520764931193391e-01
2.642034501892667198e-01
5.205925668137572071e-01
5.859018116295949818e-01
5.430845709486238349e-01
5.942341139235354230e-01
3.134741628372177957e-01
4.386870178364948858e-01
8.611657477874457012e-02
3.517846613668418332e-02
4.317864431852761475e-01
7.486835737427344206e-01
5.603123482983853876e-01
-4.362763361659072192e-02
3.289584543325032584e-01
6.759655916677707044e-01
2.978403716970624560e-01
5.006858207869412380e-01
8.671188824861434385e-01
5.590218413478887927e-01
2.932886290332892831e-01
9.926201159555048115e-02
4.431060611121184767e-01
8.611767747762433256e-02
3.294365936541125972e-01
4.686505699419785120e-02
1.146267421924095364e-01
3.323742430247774715e-01
5.132775858234753796e-01
3.874168555506010136e-01
3.450516429459615786e-01
2.663370849350897296e-01
4.806129167937776558e-01
7.872032621762319327e-01
2.058964002477645661e-01
3.775665032415945199e-01
5.019313332473580580e-01
4.518011179688183887e-01
4.617286694787801071e-01
7.507210741288048439e-01
4.344184868708615976e-01
5.312120375200866107e-01
4.687633640588478867e-01
1.752001061003709559e-01
5.909096318630254752e-01
8.465396630432225900e-02
1.551959177872763163e-01
3.860901886289432317e-01
5.695844238596707854e-01
1.940702662785504518e-01
3.948957475360317937e-01
4.665301647614237268e-01
4.086955001386010089e-01
2.192427846640001010e-01
4.584677744229874730e-01
7.884372218533827192e-01
5.688612426583579129e-01
4.944812098081996510e-01
8.051376652825453784e-02
1.110191569149877044e-01
3.139979926036251534e-01
4.258728193046019683e-01
3.292067162799715563e-01
2.742796666333825462e-01
4.020491358043860042e-01
2.176116551401305887e-01
5.708947563033914818e-01
1.579142027683227423e-01
4.416396253832124419e-01
3.089607135757346246e-01
7.426505094832300813e-01
3.528197415132501291e-01
4.629447353536119691e-01
2.366340026672311692e-01
4.727547873642522491e-01
2.023776290624603180e-01
4.888054691036556321e-01
5.517235987469397696e-01
2.044357987077242145e-01
5.677960305570151078e-01
5.465789668906558818e-01
6.549028358757713608e-01
3.370978804052199296e-01
1.137177982836806711e-01
3.558593542036728730e-01
3.285841492143832809e-01
6.880320295325812463e-01
5.960871250326287285e-01
1.194790538001341273e-01
4.681615008443290593e-01
4.168861525060001960e-01
3.205499854435967522e-01
2.550901976436635854e-01
8.167387995090114039e-02
8.353255994757284864e-01
7.940699253397534019e-01
5.398417070281178454e-01
2.210680618486489668e-01
3.721603052163406922e-01
2.402889817718245613e-02
2.269566645050130060e-01
5.616733214365441373e-01
4.235410900550528046e-01
6.762222627191329938e-01
5.252534110463930039e-01
6.691554114223770000e-01
3.624900606900294253e-01
1.989024671755447726e-01
3.820182303956517478e-01
5.131390314862325219e-01
9.724033737563875235e-02
6.539880011755101474e-01
1.531699653347119439e-01
5.325040475437309295e-01
2.113622052474252166e-01
2.285614013774265318e-01
9.982505413408138129e-02
3.076276585576765421e-01
1.182709151495947575e-01
1.276877151656550802e-01
6.613545486409753149e-01
1.487670977335452394e-01
4.036373002326098525e-01
4.509868712587665196e-01
3.220654588357986237e-01
2.297262819052696692e-01
2.202882054993441918e-01
4.354333871501830933e-01
6.769663450872203114e-01
6.953433197050906678e-01
4.294726799517039062e-01
4.453658365101169636e-01
4.694721903418513920e-01
6.854847623238978782e-01
4.998053521046724734e-01
3.185523660637932797e-01
8.787056655853404674e-01
3.638039984218356393e-01
4.662027560139726523e-01
4.631406483461251167e-01
4.278571554278917111e-01
5.977814848612990062e-01
4.839362734224971208e-01
2.105600289092519617e-01
2.460493489345668694e-01
3.624750767500888871e-01
7.308348010687448770e-01
5.905103660897562667e-01
5.867171573435026044e-01
3.517967641885276220e-01
7.908380608382470367e-01
2.725956494557175702e-01
3.648327489981978977e-01
2.265717972744552555e-01
5.875821587535887680e-01
4.757682919791917930e-01
7.792645593521565495e-01
2.278151683700047059e-01
4.685830161310675646e-01
1.929677269782488769e-01
5.151825119524073848e-01
7.006921812845263720e-01
1.568540985548017019e-01
3.005964352753506819e-01
2.089079546433154078e-01
7.540054751951148493e-01
4.323168108139643362e-01
4.512520602020309024e-01
3.891893839341751260e-01
5.347415623451736710e-01
9.575656308891076218e-01
3.502924047122105145e-01
3.407828473126925939e-01
2.789578166997955799e-01
1.924892921117828393e-01
5.412787865848176505e-01
3.363598219529202460e-01
7.002362214110412486e-01
4.654428955157796644e-01
1.035075992132518108e-01
4.767383486431825412e-01
2.126471537965762826e-01
4.347662198601625061e-01
4.022673069133947399e-01
1.882458575909004561e-01
3.232927110221378575e-01
5.904910961320806173e-01
4.728635720729934544e-01
3.924334230355113751e-01
6.872840459855045214e-01
6.501032745136741120e-01
6.422361843122179614e-01
1.742087502356974849e-01
6.832989601102894550e-01
5.196400143031696395e-01
2.053570314150773846e-01
3.650639790981806687e-01
1.073181404699861119e-01
5.021375676723475179e-01
2.661326050055329295e-01
2.873160454190408775e-01
3.883321042183490723e-01
3.087846461074702509e-01
8.167582456665545276e-02
3.523581420460722979e-01
7.452083716343116393e-01
1.440314692824655185e-01
4.537029749222886155e-01
8.002383730218322055e-01
1.707689105246638084e-01
1.508758431742215356e-01
2.008680008902626879e-01
6.495384951301295118e-01
7.823868513702330052e-01
5.020196631474629356e-01
4.498918026170854456e-01
1.350260476655106290e-01
6.323021083919897478e-01
6.840605189288300192e-01
2.624168507341482215e-01
3.076207411784851464e-01
1.248026771239792443e-01
2.162700103503201743e-01
4.845656967488131128e-01
2.766322818445279275e-01
3.217438431150110856e-01
8.080886157550533078e-01
3.531269667035361604e-01
1.829948397814849526e-01
3.768263025856420922e-01
4.136304797952786716e-01
4.333483089313512893e-01
9.739356017924916120e-02
6.269412520975592429e-01
3.195134456660500000e-01
1.333910099484898470e-01
6.030252190776563825e-01
2.764351252446888285e-01
2.650801785561629487e-01
3.288886270751034124e-01
1.515845056477369002e-01
5.667231684412615822e-01
2.381285448043853337e-01
4.899643435793840096e-01
9.366079564988194495e-02
3.737162692287219201e-01
3.279114199710486677e-01
2.992884066908342855e-01
8.103156096829225996e-01
1.950616220279390300e-01
2.888108881475707213e-01
4.257265481712899646e-01
6.444407683837294343e-01
6.648027806233280934e-01
4.093219292793698338e-01
2.417602660747915078e-01
3.269322670750454130e-01
7.769503677662759067e-02
7.911882870713782268e-01
3.586718269745976517e-01
6.676809353692627624e-01
5.034190761777735945e-01
2.869283101541189596e-01
1.974923749491299674e-01
6.751690392391795914e-02
4.123812695518053184e-01
5.257864719931704123e-01
1.532400954445581331e-01
4.026424548130867476e-01
4.254633693242738657e-01
5.057332827462563962e-01
6.831267115694565906e-01
4.271111041536981845e-01
1.196902166279719126e-01
2.347678890076728697e-01
4.491160639661917475e-02
4.608631570984427772e-01
8.995803512616511455e-01
9.978101455303722833e-02
6.826806782406975582e-01
7.318724908218683378e-01
8.558533546694180316e-02
7.764752683019955359e-01
4.946739799307925400e-01
1.972208622507128917e-01
4.620986751469191578e-01
4.767306970849073400e-01
3.815200437412708534e-01
1.925703896436983809e-01
6.234570875550613511e-01
2.862533659844822553e-01
7.462448082894055368e-01
3.580083024223944532e-01
7.536096186093929061e-01
2.962001006902456046e-01
2.685057590064112154e-01
3.486327213530844848e-01
1.405161972087362043e-01
1.008827298363376146e-01
3.638750613117340826e-01
2.140483638604578354e-01
2.609666283674305087e-01
7.691744524432461150e-01
2.960476903774844071e-01
2.751097291405008027e-01
2.123473178314168597e-01
1.454773663571238274e-01
6.191644075204212339e-01
2.863041962635636817e-01
3.660792100972733443e-01
5.915182855921030658e-01
5.798715328237318278e-01
4.696561922037734149e-02
1.178228422040746848e-01
4.469941121182473553e-01
2.749409926695250972e-01
6.201179617435758074e-01
3.513205510752431260e-01
4.989774822479030592e-01
3.928124029331969691e-01
5.385067168404547022e-01
4.228211822916407847e-01
1.030748186067105832e-01
1.234686742303020557e-01
1.173194753056368000e-01
2.123595194509187989e-01
5.786448750337266356e-01
3.179965025570992143e-01
1.388193351433378853e-01
4.003085040857822796e-01
3.101411223198503597e-01
6.907011736633081878e-01
1.672379556662116906e-01
4.718016417867978984e-01
6.095000728060868678e-01
